28705
27937
288
9698
9046
51728
43230
2220
9545
9910
27478
39259
9835
19780
38990
1486
40805
340
19384
551
53247
1950
18062
40574
28369
45740
8926
72280
2432
10726
62161
28044
26739
45243
2104
22336
25167
21839
25590
5101
14603
6915
27051
22585
57775
68208
3411
61905
3945
9868
55857
3704
41509
67929
78183
69383
20679
7342
25015
79062
22779
5118
9045
126
9254
63837
37901
14306
53081
33502
4997
78286
51
15604
9686
8767
9459
16500
36133
31106
960
58676
56286
1807
391
23137
1921
78300
6783
34730
19280
68751
46942
9815
5736
56421
4200
38012
2946
59815
14506
41539
677
660
14229
1196
1774
6468
28694
34903
71111
8993
23597
5896
3400
45951
74885
40096
9960
3517
43080
39928
151
55020
37817
14721
21873
3342
2331
74776
6749
69466
28160
9569
41868
35114
74566
28977
20880
25605
64144
62790
3296
52509
46812
9853
60634
37001
36563
65638
21823
24652
2002
46419
8789
78269
3572
8897
3429
1585
3291
1602
28821
348
3185
39278
2137
29713
21784
9359
21094
79045
7996
67116
3534
33542
2073
10114
62601
74881
51260
52115
44210
8937
1615
2101
975
41183
46708
32810
957
1496
70351
10668
60262
55535
42860
50131
13221
10116
77344
3535
14518
8887
9375
43029
67871
51157
30583
16480
27428
4665
61182
23830
594
74
45345
6221
53172
5971
701
58542
601
33119
36419
49028
32570
2253
47085
75815
15032
2126
29320
14660
9257
74865
8706
37978
6025
6367
19434
15145
30193
41740
19462
14860
4103
68806
22355
10342
28654
31581
329
14796
4345
25699
14759
14902
66934
30757
39305
55308
6498
9085
34514
14459
49801
1625
78265
6696
53026
22843
2613
23927
65239
49806
8482
48862
46868
7577
53833
10699
14959
3368
32566
875
64447
7086
4045
36860
49553
25702
1742
76740
45362
40177
27521
23590
47470
56935
60667
19375
32476
26971
9746
13289
33209
18325
2002
9164
633
10091
5841
410
11015
838
14774
2894
36304
2548
41598
26764
15427
3351
203
9679
53361
40502
1426
7543
684
20621
70095
75705
19636
13150
2937
4988
50195
35002
36334
26338
15988
6048
11343
63438
29870
10820
14741
9234
847
53967
602
70095
23446
28888
5372
76199
22234
50677
16256
28484
24028
9662
37298
20441
28070
69141
67410
40020
21820
19934
55070
25128
30315
27271
40974
2625
22709
6352
5575
76774
20810
16572
51973
22925
26916
65848
5618
22299
51778
23066
933
62781
613
22295
2047
1500
56475
22926
548
63022
62951
27525
65837
34778
37989
38775
28343
23469
40918
37680
27426
23119
64858
42661
3848
48976
1008
52886
75998
58724
28026
78063
41120
61034
5895
5538
25645
15623
25631
26038
20858
17690
2511
976
61107
45178
9664
77019
22699
48669
29981
10059
50261
51873
15591
40733
57898
9588
2372
9753
5154
45203
68729
26329
26865
57327
14634
27985
15151
10741
20236
1846
66816
65211
22733
78888
40013
23135
67963
34150
34333
28033
9714
639
66248
29547
75693
1305
1557
1647
542
74866
64740
8774
41060
45445
28368
2460
76231
60303
9737
3161
1151
58614
23745
45062
23907
28870
54420
25071
10104
39645
9093
50234
14247
10037
22359
24553
23218
63665
6176
5831
63805
47394
9911
33549
15114
49666
28687
22406
31632
74870
9722
1694
77373
876
25697
2539
22185
31214
26937
18816
35332
23591
21920
2632
5200
26752
9839
31531
30545
14775
9892
78419
15251
58806
30175
74331
21608
77980
3958
40560
12241
9539
25603
28197
27034
3362
68303
26192
53289
51532
19390
1700
63686
398
40063
20083
51298
53952
37759
15893
76661
11546
39953
47936
8268
2050
31496
22785
31087
6611
15049
630
6371
22689
15223
37288
49659
42883
1255
62037
78336
9273
20359
39299
22123
2781
27516
77062
57838
67939
8040
28618
69593
27989
5291
36308
75728
9066
36640
29219
76512
76190
9494
58890
6040
77212
2468
14998
27732
37712
53092
15096
5614
65511
14616
25717
74992
1306
12482
5157
69073
15001
2378
59905
1603
9255
63365
45665
22815
7971
5189
43594
8980
32393
109
36258
75738
12370
75914
32179
9748
23726
45757
45380
5072
420
32041
843
2147
3369
33576
3311
32285
24427
669
27936
2544
16202
45418
37489
699
67570
23590
1150
52523
36107
31274
66889
57362
28106
13650
33673
9281
76716
5229
66205
531
213
27919
5900
49524
2435
57587
35884
5438
3632
43316
26231
36297
67394
9518
46386
33965
53635
15986
46128
17
70532
22330
1723
36202
71683
45926
78545
9243
24997
69902
4391
5188
4480
40082
6235
104
78092
15666
2693
42061
25596
9173
39344
40176
2422
2400
58805
7535
331
5084
30771
15091
11935
20410
1962
54027
28573
8517
28758
31085
25435
74149
15558
39951
31757
77415
76479
43619
62226
22811
59028
22180
76026
56838
1425
41149
4224
40850
20141
74869
75724
7649
10069
4263
1629
38901
1913
15805
28932
948
78471
6222
53103
14251
67643
9629
41523
63806
2928
36153
77150
52912
38159
62321
40405
26935
15691
30859
2851
6057
41802
48450
18112
73486
38427
38309
256
33565
47100
12928
34312
14404
10834
63798
12319
39885
28338
27092
2309
36991
10907
6220
14290
5227
51236
42406
12286
26447
1124
57939
35737
53013
19614
14939
25155
49995
215
40441
1817
14298
27871
20980
22315
21975
14936
65793
4878
24713
30918
2749
1369
19147
77172
10082
7625
22005
16535
49899
54105
43687
10099
6710
6138
2662
23099
195
2935
76665
69367
1029
2029
40960
39225
9230
22396
6649
1031
58893
77973
5629
14817
42290
2152
37871
45011
62527
72312
2949
42545
69530
39153
2387
65076
2696
15600
48158
2661
186
3229
67010
9267
22847
4912
3830
664
5
22987
23557
45136
4836
43959
78004
14086
65718
3640
51708
67510
74433
7451
38807
17375
10895
3690
11909
6143
11279
45584
20818
5160
79025
47463
2116
79026
78218
79022
4597
58400
25617
32901
2268
78547
34759
45407
2008
1679
9744
25987
21827
59897
34722
14724
10685
21159
1060
29908
14005
16071
16434
16683
9033
30761
45448
15366
2702
76858
29704
9376
46594
44773
13416
21031
2071
1101
58872
908
46191
74628
27651
2221
52255
9356
6559
26251
14747
61135
73581
34742
29281
45732
1356
8680
31176
38524
68415
11762
44893
1772
11114
12768
60613
15616
1562
6803
14895
61415
51461
34623
56220
692
48088
14594
10860
33735
55411
41958
44684
33090
15263
72211
55412
40919
9169
49002
45607
20411
38299
39936
45676
35756
69802
15030
75506
22390
10858
46124
46248
25141
20918
33933
16127
49633
27481
3039
1555
49596
61130
62846
21529
78436
9848
77360
47745
29131
32718
29856
56348
3784
32389
14663
30459
21853
15160
37884
21838
60565
27650
5795
10846
6229
911
23264
77235
9627
3879
45901
25428
31576
51920
40769
53939
63490
2121
74136
2582
49803
1054
30458
15752
46937
43330
38530
44716
69006
73959
51973
15816
67860
10283
1741
3025
27666
34140
74740
38610
29577
49887
5114
47391
55910
8867
15073
55016
29829
43977
530
15836
716
14873
22159
66365
9584
6801
7683
68791
43021
4934
33695
68130
77350
59343
44905
36580
72073
50281
9283
2132
53249
52164
2523
11581
35710
38499
15008
40089
54888
37403
27812
68828
9265
21024
62077
29341
14273
15804
50432
14887
66496
6437
9135
44395
2709
3148
21997
43371
37494
61668
51566
75712
2556
11838
5766
2915
4757
30896
37020
27053
49696
37388
51088
21449
36509
73943
2447
61915
10018
21556
2222
78417
12879
77385
55904
10942
15374
3551
72689
66981
48370
35029
40743
77392
73235
40902
2016
36989
28860
63653
33899
1886
9122
27650
76624
78333
52365
57743
52069
8901
9616
3094
2499
15044
3759
19404
14375
78033
63969
29101
73040
20939
32319
42298
53133
16436
10694
3495
431
68216
5780
60327
37283
9875
9812
935
41571
44979
27077
77169
65125
59574
68607
14566
79050
15711
53609
61907
50501
30380
52251
14173
53628
1925
537
76526
17850
1964
72336
